Number of symmetry operations: 24
Op #: 1
 -1.000000   0.000000   0.000000
  0.000000   1.000000   0.000000
  0.000000   0.000000  -1.000000
shift:   0.0000   0.0000   0.0000
Op #: 2
 -1.000000   0.000000   0.000000
  0.000000   1.000000   0.000000
  0.000000   0.000000   1.000000
shift:   0.0000   0.0000   0.0000
Op #: 3
 -1.000000   0.000000   0.000000
  0.000000  -1.000000   0.000000
  0.000000   0.000000  -1.000000
shift:   0.5000   0.2887   0.8165
Op #: 4
 -1.000000   0.000000   0.000000
  0.000000  -1.000000   0.000000
  0.000000   0.000000   1.000000
shift:   0.5000   0.2887   0.8165
Op #: 5
 -0.500000   0.866025   0.000000
 -0.866025  -0.500000   0.000000
  0.000000   0.000000  -1.000000
shift:   0.0000   0.0000   0.0000
Op #: 6
 -0.500000   0.866025   0.000000
 -0.866025  -0.500000   0.000000
  0.000000   0.000000   1.000000
shift:   0.0000   0.0000   0.0000
Op #: 7
 -0.500000   0.866025   0.000000
  0.866025   0.500000   0.000000
  0.000000   0.000000  -1.000000
shift:   0.5000   0.2887   0.8165
Op #: 8
 -0.500000   0.866025   0.000000
  0.866025   0.500000   0.000000
  0.000000   0.000000   1.000000
shift:   0.5000   0.2887   0.8165
Op #: 9
 -0.500000  -0.866025   0.000000
 -0.866025   0.500000   0.000000
  0.000000   0.000000  -1.000000
shift:   0.5000   0.2887   0.8165
Op #:10
 -0.500000  -0.866025   0.000000
 -0.866025   0.500000   0.000000
  0.000000   0.000000   1.000000
shift:   0.5000   0.2887   0.8165
Op #:11
 -0.500000  -0.866025   0.000000
  0.866025  -0.500000   0.000000
  0.000000   0.000000  -1.000000
shift:   0.0000   0.0000   0.0000
Op #:12
 -0.500000  -0.866025   0.000000
  0.866025  -0.500000   0.000000
  0.000000   0.000000   1.000000
shift:   0.0000   0.0000   0.0000
Op #:13
  0.500000   0.866025   0.000000
 -0.866025   0.500000   0.000000
  0.000000   0.000000  -1.000000
shift:   0.5000   0.2887   0.8165
Op #:14
  0.500000   0.866025   0.000000
 -0.866025   0.500000   0.000000
  0.000000   0.000000   1.000000
shift:   0.5000   0.2887   0.8165
Op #:15
  0.500000   0.866025   0.000000
  0.866025  -0.500000   0.000000
  0.000000   0.000000  -1.000000
shift:   0.0000   0.0000   0.0000
Op #:16
  0.500000   0.866025   0.000000
  0.866025  -0.500000   0.000000
  0.000000   0.000000   1.000000
shift:   0.0000   0.0000   0.0000
Op #:17
  0.500000  -0.866025   0.000000
 -0.866025  -0.500000   0.000000
  0.000000   0.000000  -1.000000
shift:   0.0000   0.0000   0.0000
Op #:18
  0.500000  -0.866025   0.000000
 -0.866025  -0.500000   0.000000
  0.000000   0.000000   1.000000
shift:   0.0000   0.0000   0.0000
Op #:19
  0.500000  -0.866025   0.000000
  0.866025   0.500000   0.000000
  0.000000   0.000000  -1.000000
shift:   0.5000   0.2887   0.8165
Op #:20
  0.500000  -0.866025   0.000000
  0.866025   0.500000   0.000000
  0.000000   0.000000   1.000000
shift:   0.5000   0.2887   0.8165
Op #:21
  1.000000   0.000000   0.000000
  0.000000   1.000000   0.000000
  0.000000   0.000000  -1.000000
shift:   0.0000   0.0000   0.0000
Op #:22
  1.000000   0.000000   0.000000
  0.000000   1.000000   0.000000
  0.000000   0.000000   1.000000
shift:   0.0000   0.0000   0.0000
Op #:23
  1.000000   0.000000   0.000000
  0.000000  -1.000000   0.000000
  0.000000   0.000000  -1.000000
shift:   0.5000   0.2887   0.8165
Op #:24
  1.000000   0.000000   0.000000
  0.000000  -1.000000   0.000000
  0.000000   0.000000   1.000000
shift:   0.5000   0.2887   0.8165
Number of symmetry operations: 24
Op #: 1
 -1.000000   0.000000   0.000000
  0.000000   1.000000   0.000000
  0.000000   0.000000  -1.000000
shift:   0.0000   0.0000   0.0000
Op #: 2
 -1.000000   0.000000   0.000000
  0.000000   1.000000   0.000000
  0.000000   0.000000   1.000000
shift:   0.0000   0.0000   0.0000
Op #: 3
 -1.000000   0.000000   0.000000
  0.000000  -1.000000   0.000000
  0.000000   0.000000  -1.000000
shift:   0.5000   0.2887   0.8165
Op #: 4
 -1.000000   0.000000   0.000000
  0.000000  -1.000000   0.000000
  0.000000   0.000000   1.000000
shift:   0.5000   0.2887   0.8165
Op #: 5
 -0.500000   0.866025   0.000000
 -0.866025  -0.500000   0.000000
  0.000000   0.000000  -1.000000
shift:   0.0000   0.0000   0.0000
Op #: 6
 -0.500000   0.866025   0.000000
 -0.866025  -0.500000   0.000000
  0.000000   0.000000   1.000000
shift:   0.0000   0.0000   0.0000
Op #: 7
 -0.500000   0.866025   0.000000
  0.866025   0.500000   0.000000
  0.000000   0.000000  -1.000000
shift:   0.5000   0.2887   0.8165
Op #: 8
 -0.500000   0.866025   0.000000
  0.866025   0.500000   0.000000
  0.000000   0.000000   1.000000
shift:   0.5000   0.2887   0.8165
Op #: 9
 -0.500000  -0.866025   0.000000
 -0.866025   0.500000   0.000000
  0.000000   0.000000  -1.000000
shift:   0.5000   0.2887   0.8165
Op #:10
 -0.500000  -0.866025   0.000000
 -0.866025   0.500000   0.000000
  0.000000   0.000000   1.000000
shift:   0.5000   0.2887   0.8165
Op #:11
 -0.500000  -0.866025   0.000000
  0.866025  -0.500000   0.000000
  0.000000   0.000000  -1.000000
shift:   0.0000   0.0000   0.0000
Op #:12
 -0.500000  -0.866025   0.000000
  0.866025  -0.500000   0.000000
  0.000000   0.000000   1.000000
shift:   0.0000   0.0000   0.0000
Op #:13
  0.500000   0.866025   0.000000
 -0.866025   0.500000   0.000000
  0.000000   0.000000  -1.000000
shift:   0.5000   0.2887   0.8165
Op #:14
  0.500000   0.866025   0.000000
 -0.866025   0.500000   0.000000
  0.000000   0.000000   1.000000
shift:   0.5000   0.2887   0.8165
Op #:15
  0.500000   0.866025   0.000000
  0.866025  -0.500000   0.000000
  0.000000   0.000000  -1.000000
shift:   0.0000   0.0000   0.0000
Op #:16
  0.500000   0.866025   0.000000
  0.866025  -0.500000   0.000000
  0.000000   0.000000   1.000000
shift:   0.0000   0.0000   0.0000
Op #:17
  0.500000  -0.866025   0.000000
 -0.866025  -0.500000   0.000000
  0.000000   0.000000  -1.000000
shift:   0.0000   0.0000   0.0000
Op #:18
  0.500000  -0.866025   0.000000
 -0.866025  -0.500000   0.000000
  0.000000   0.000000   1.000000
shift:   0.0000   0.0000   0.0000
Op #:19
  0.500000  -0.866025   0.000000
  0.866025   0.500000   0.000000
  0.000000   0.000000  -1.000000
shift:   0.5000   0.2887   0.8165
Op #:20
  0.500000  -0.866025   0.000000
  0.866025   0.500000   0.000000
  0.000000   0.000000   1.000000
shift:   0.5000   0.2887   0.8165
Op #:21
  1.000000   0.000000   0.000000
  0.000000   1.000000   0.000000
  0.000000   0.000000  -1.000000
shift:   0.0000   0.0000   0.0000
Op #:22
  1.000000   0.000000   0.000000
  0.000000   1.000000   0.000000
  0.000000   0.000000   1.000000
shift:   0.0000   0.0000   0.0000
Op #:23
  1.000000   0.000000   0.000000
  0.000000  -1.000000   0.000000
  0.000000   0.000000  -1.000000
shift:   0.5000   0.2887   0.8165
Op #:24
  1.000000   0.000000   0.000000
  0.000000  -1.000000   0.000000
  0.000000   0.000000   1.000000
shift:   0.5000   0.2887   0.8165
Number of symmetry operations: 24
Op #: 1
 -1.000000   0.000000   0.000000
  0.000000   1.000000   0.000000
  0.000000   0.000000  -1.000000
shift:   0.0000   0.0000   0.0000
Op #: 2
 -1.000000   0.000000   0.000000
  0.000000   1.000000   0.000000
  0.000000   0.000000   1.000000
shift:   0.0000   0.0000   0.0000
Op #: 3
 -1.000000   0.000000   0.000000
  0.000000  -1.000000   0.000000
  0.000000   0.000000  -1.000000
shift:   0.5000   0.2887   0.8165
Op #: 4
 -1.000000   0.000000   0.000000
  0.000000  -1.000000   0.000000
  0.000000   0.000000   1.000000
shift:   0.5000   0.2887   0.8165
Op #: 5
 -0.500000   0.866025   0.000000
 -0.866025  -0.500000   0.000000
  0.000000   0.000000  -1.000000
shift:   0.0000   0.0000   0.0000
Op #: 6
 -0.500000   0.866025   0.000000
 -0.866025  -0.500000   0.000000
  0.000000   0.000000   1.000000
shift:   0.0000   0.0000   0.0000
Op #: 7
 -0.500000   0.866025   0.000000
  0.866025   0.500000   0.000000
  0.000000   0.000000  -1.000000
shift:   0.5000   0.2887   0.8165
Op #: 8
 -0.500000   0.866025   0.000000
  0.866025   0.500000   0.000000
  0.000000   0.000000   1.000000
shift:   0.5000   0.2887   0.8165
Op #: 9
 -0.500000  -0.866025   0.000000
 -0.866025   0.500000   0.000000
  0.000000   0.000000  -1.000000
shift:   0.5000   0.2887   0.8165
Op #:10
 -0.500000  -0.866025   0.000000
 -0.866025   0.500000   0.000000
  0.000000   0.000000   1.000000
shift:   0.5000   0.2887   0.8165
Op #:11
 -0.500000  -0.866025   0.000000
  0.866025  -0.500000   0.000000
  0.000000   0.000000  -1.000000
shift:   0.0000   0.0000   0.0000
Op #:12
 -0.500000  -0.866025   0.000000
  0.866025  -0.500000   0.000000
  0.000000   0.000000   1.000000
shift:   0.0000   0.0000   0.0000
Op #:13
  0.500000   0.866025   0.000000
 -0.866025   0.500000   0.000000
  0.000000   0.000000  -1.000000
shift:   0.5000   0.2887   0.8165
Op #:14
  0.500000   0.866025   0.000000
 -0.866025   0.500000   0.000000
  0.000000   0.000000   1.000000
shift:   0.5000   0.2887   0.8165
Op #:15
  0.500000   0.866025   0.000000
  0.866025  -0.500000   0.000000
  0.000000   0.000000  -1.000000
shift:   0.0000   0.0000   0.0000
Op #:16
  0.500000   0.866025   0.000000
  0.866025  -0.500000   0.000000
  0.000000   0.000000   1.000000
shift:   0.0000   0.0000   0.0000
Op #:17
  0.500000  -0.866025   0.000000
 -0.866025  -0.500000   0.000000
  0.000000   0.000000  -1.000000
shift:   0.0000   0.0000   0.0000
Op #:18
  0.500000  -0.866025   0.000000
 -0.866025  -0.500000   0.000000
  0.000000   0.000000   1.000000
shift:   0.0000   0.0000   0.0000
Op #:19
  0.500000  -0.866025   0.000000
  0.866025   0.500000   0.000000
  0.000000   0.000000  -1.000000
shift:   0.5000   0.2887   0.8165
Op #:20
  0.500000  -0.866025   0.000000
  0.866025   0.500000   0.000000
  0.000000   0.000000   1.000000
shift:   0.5000   0.2887   0.8165
Op #:21
  1.000000   0.000000   0.000000
  0.000000   1.000000   0.000000
  0.000000   0.000000  -1.000000
shift:   0.0000   0.0000   0.0000
Op #:22
  1.000000   0.000000   0.000000
  0.000000   1.000000   0.000000
  0.000000   0.000000   1.000000
shift:   0.0000   0.0000   0.0000
Op #:23
  1.000000   0.000000   0.000000
  0.000000  -1.000000   0.000000
  0.000000   0.000000  -1.000000
shift:   0.5000   0.2887   0.8165
Op #:24
  1.000000   0.000000   0.000000
  0.000000  -1.000000   0.000000
  0.000000   0.000000   1.000000
shift:   0.5000   0.2887   0.8165
Number of symmetry operations: 24
Op #: 1
 -1.000000   0.000000   0.000000
  0.000000   1.000000   0.000000
  0.000000   0.000000  -1.000000
shift:   0.0000   0.0000   0.0000
Op #: 2
 -1.000000   0.000000   0.000000
  0.000000   1.000000   0.000000
  0.000000   0.000000   1.000000
shift:   0.0000   0.0000   0.0000
Op #: 3
 -1.000000   0.000000   0.000000
  0.000000  -1.000000   0.000000
  0.000000   0.000000  -1.000000
shift:   0.5000   0.2887   0.8165
Op #: 4
 -1.000000   0.000000   0.000000
  0.000000  -1.000000   0.000000
  0.000000   0.000000   1.000000
shift:   0.5000   0.2887   0.8165
Op #: 5
 -0.500000   0.866025   0.000000
 -0.866025  -0.500000   0.000000
  0.000000   0.000000  -1.000000
shift:   0.0000   0.0000   0.0000
Op #: 6
 -0.500000   0.866025   0.000000
 -0.866025  -0.500000   0.000000
  0.000000   0.000000   1.000000
shift:   0.0000   0.0000   0.0000
Op #: 7
 -0.500000   0.866025   0.000000
  0.866025   0.500000   0.000000
  0.000000   0.000000  -1.000000
shift:   0.5000   0.2887   0.8165
Op #: 8
 -0.500000   0.866025   0.000000
  0.866025   0.500000   0.000000
  0.000000   0.000000   1.000000
shift:   0.5000   0.2887   0.8165
Op #: 9
 -0.500000  -0.866025   0.000000
 -0.866025   0.500000   0.000000
  0.000000   0.000000  -1.000000
shift:   0.5000   0.2887   0.8165
Op #:10
 -0.500000  -0.866025   0.000000
 -0.866025   0.500000   0.000000
  0.000000   0.000000   1.000000
shift:   0.5000   0.2887   0.8165
Op #:11
 -0.500000  -0.866025   0.000000
  0.866025  -0.500000   0.000000
  0.000000   0.000000  -1.000000
shift:   0.0000   0.0000   0.0000
Op #:12
 -0.500000  -0.866025   0.000000
  0.866025  -0.500000   0.000000
  0.000000   0.000000   1.000000
shift:   0.0000   0.0000   0.0000
Op #:13
  0.500000   0.866025   0.000000
 -0.866025   0.500000   0.000000
  0.000000   0.000000  -1.000000
shift:   0.5000   0.2887   0.8165
Op #:14
  0.500000   0.866025   0.000000
 -0.866025   0.500000   0.000000
  0.000000   0.000000   1.000000
shift:   0.5000   0.2887   0.8165
Op #:15
  0.500000   0.866025   0.000000
  0.866025  -0.500000   0.000000
  0.000000   0.000000  -1.000000
shift:   0.0000   0.0000   0.0000
Op #:16
  0.500000   0.866025   0.000000
  0.866025  -0.500000   0.000000
  0.000000   0.000000   1.000000
shift:   0.0000   0.0000   0.0000
Op #:17
  0.500000  -0.866025   0.000000
 -0.866025  -0.500000   0.000000
  0.000000   0.000000  -1.000000
shift:   0.0000   0.0000   0.0000
Op #:18
  0.500000  -0.866025   0.000000
 -0.866025  -0.500000   0.000000
  0.000000   0.000000   1.000000
shift:   0.0000   0.0000   0.0000
Op #:19
  0.500000  -0.866025   0.000000
  0.866025   0.500000   0.000000
  0.000000   0.000000  -1.000000
shift:   0.5000   0.2887   0.8165
Op #:20
  0.500000  -0.866025   0.000000
  0.866025   0.500000   0.000000
  0.000000   0.000000   1.000000
shift:   0.5000   0.2887   0.8165
Op #:21
  1.000000   0.000000   0.000000
  0.000000   1.000000   0.000000
  0.000000   0.000000  -1.000000
shift:   0.0000   0.0000   0.0000
Op #:22
  1.000000   0.000000   0.000000
  0.000000   1.000000   0.000000
  0.000000   0.000000   1.000000
shift:   0.0000   0.0000   0.0000
Op #:23
  1.000000   0.000000   0.000000
  0.000000  -1.000000   0.000000
  0.000000   0.000000  -1.000000
shift:   0.5000   0.2887   0.8165
Op #:24
  1.000000   0.000000   0.000000
  0.000000  -1.000000   0.000000
  0.000000   0.000000   1.000000
shift:   0.5000   0.2887   0.8165
